1 9.33838
10001 6.48948
20001 5.82002
30001 6.71489
40001 7.82809
50001 9.38339
60001 10.167
70001 11.9457
80001 12.3683
90001 13.0076
100001 15.8591
110001 17.5971
120001 17.1924
130001 17.3048
140001 18.4715
150001 19.7482
160001 20.9847
170001 21.7508
180001 22.8813
190001 24.6196
200001 25.5258
210001 26.0651
220001 26.8283
230001 28.2803
240001 29.3666
250001 30.5731
260001 33.4501
270001 35.8058
280001 33.6941
290001 34.0429
300001 34.5443
310001 35.3717
320001 36.4059
330001 36.8347
340001 37.5174
350001 38.4323
360001 39.7483
370001 40.6272
380001 40.8692
390001 41.3621
400001 41.6735
410001 41.7128
420001 42.2075
430001 42.4203
440001 42.2355
450001 41.4169
460001 42.6515
470001 43.0532
480001 42.478
490001 43.1366
500001 43.1926
510001 42.8805
520001 143.391
530001 123.957
540001 123.434
550001 123.431
560001 122.783
570001 119.949
580001 118.936
590001 116.31
600001 115.81
610001 113.741
620001 113.616
630001 112.872
640001 110.349
650001 108.77
660001 108.58
670001 114.365
680001 109.314
690001 103.474
700001 102.287
710001 101.635
720001 98.1438
730001 94.6605
740001 89.9543
750001 89.974
760001 88.4138
770001 85.2937
780001 81.8949
790001 80.6033
800001 78.1125
810001 73.034
820001 70.2363
830001 67.8064
840001 63.5484
850001 60.1342
860001 59.5886
870001 55.4546
880001 50.7324
890001 46.047
900001 42.2022
910001 39.1548
920001 35.0487
930001 30.5472
940001 25.6086
950001 21.7877
960001 17.6739
970001 14.2204
980001 10.0655
990001 4.94515
1000001 0.0022073
