1 0.0096401
11 0.0636859
21 0.118241
31 0.182233
41 0.244433
51 0.289507
61 0.374777
71 0.431914
81 0.500693
91 0.587029
101 0.60505
111 0.643381
121 0.713272
131 0.771729
141 0.830614
151 1.05217
161 0.963951
171 1.06482
181 1.10661
191 1.11262
201 1.17267
211 1.27223
221 1.3754
231 1.42825
241 1.46074
251 1.56218
261 1.61912
271 1.76572
281 1.67253
291 1.6936
301 1.77724
311 1.90357
321 2.02115
331 1.97902
341 2.10611
351 2.25404
361 2.47644
371 2.2441
381 2.4466
391 2.41512
401 2.40742
411 2.41579
421 2.63088
431 2.60001
441 2.62204
451 2.78394
461 2.7306
471 2.76979
481 2.82969
491 2.88525
501 2.95915
511 3.00477
521 3.08209
531 3.1063
541 3.19248
551 3.21567
561 3.31551
571 3.34799
581 3.42651
591 3.47172
601 3.54605
611 3.56664
621 3.66302
631 3.69163
641 3.77801
651 3.8643
661 3.95829
671 3.86584
681 4.02042
691 4.02327
701 4.13206
711 4.14865
721 4.23822
731 4.35312
741 4.3051
751 4.37397
761 4.48867
771 4.49391
781 4.59121
791 4.70787
801 4.69872
811 4.74458
821 4.86255
831 4.85211
841 4.93943
851 4.95605
861 5.20117
871 5.17563
881 5.18422
891 5.1863
901 5.36793
911 5.40762
921 5.54452
931 5.77663
941 5.79553
951 5.86136
961 6.17927
971 5.94878
981 6.70428
991 6.28842
1001 6.31668
