1 0.0010564
10001 0.151766
20001 0.348921
30001 0.597862
40001 0.928561
50001 1.04824
60001 1.17722
70001 1.45675
80001 1.59081
90001 1.78517
100001 1.97635
110001 2.19127
120001 2.39072
130001 2.55133
140001 2.76898
150001 2.9641
160001 3.19
170001 3.38205
180001 3.58776
190001 3.82896
200001 3.98585
210001 4.41637
220001 4.42084
230001 4.65592
240001 4.82558
250001 5.07515
260001 5.51021
270001 5.69905
280001 6.02456
290001 6.15546
300001 6.46383
310001 6.57536
320001 6.95556
330001 6.87118
340001 6.85375
350001 7.45902
360001 7.57618
370001 7.41791
380001 7.89004
390001 7.9595
400001 8.26765
410001 8.81611
420001 9.09921
430001 8.65944
440001 9.41496
450001 9.17064
460001 9.15456
470001 9.6105
480001 9.86559
490001 10.3358
500001 10.964
510001 10.682
520001 10.612
530001 11.1526
540001 11.4251
550001 11.7191
560001 11.3684
570001 11.7426
580001 11.7891
590001 12.6541
600001 12.7335
610001 12.9503
620001 13.2973
630001 13.3423
640001 13.0169
650001 13.6358
660001 14.1253
670001 14.2664
680001 14.5135
690001 14.2244
700001 14.0216
710001 14.3928
720001 14.8239
730001 15.3717
740001 15.4622
750001 15.8726
760001 15.9907
770001 16.238
780001 16.9579
790001 17.329
800001 17.1411
810001 17.1163
820001 17.0506
830001 16.9103
840001 17.0452
850001 17.5161
860001 17.8251
870001 17.7792
880001 17.5469
890001 17.6759
900001 18.4712
910001 19.0348
920001 19.3921
930001 20.2886
940001 21.2824
950001 19.5785
960001 20.0905
970001 20.7301
980001 20.5731
990001 21.4015
1000001 21.1146
