1 0.0140308
11 0.123519
21 0.285897
31 0.44075
41 0.649971
51 0.787822
61 1.0036
71 1.23205
81 1.37445
91 1.46457
101 1.66688
111 1.85857
121 2.02029
131 2.25086
141 2.29284
151 2.74944
161 2.69173
171 2.90386
181 3.11459
191 3.16192
201 3.36056
211 3.61756
221 3.77183
231 4.00195
241 4.03618
251 4.45389
261 4.72379
271 4.84963
281 4.93872
291 4.91456
301 5.12778
311 5.35943
321 5.74542
331 5.99235
341 6.05819
351 6.26248
361 6.58017
371 6.68223
381 6.7064
391 7.1418
401 7.22026
411 7.16478
421 7.46667
431 7.83615
441 7.8785
451 8.0023
461 8.21606
471 8.4853
481 8.41131
491 8.59388
501 8.7868
511 8.97115
521 9.137
531 9.30701
541 9.48674
551 9.68359
561 9.90491
571 10.0803
581 10.3124
591 10.4765
601 10.6602
611 10.8681
621 11.0615
631 11.2328
641 11.4722
651 11.798
661 12.0272
671 12.2483
681 12.308
691 12.4891
701 12.5674
711 12.7861
721 12.9587
731 13.2452
741 13.7631
751 13.5264
761 13.7615
771 13.9745
781 14.1526
791 14.3554
801 14.7659
811 14.9257
821 15.1017
831 15.2315
841 15.4462
851 15.6057
861 16.0192
871 16.3083
881 16.3374
891 16.4234
901 16.6543
911 16.8648
921 17.3352
931 17.7888
941 18.3324
951 18.9043
961 19.0342
971 19.5385
981 20.2985
991 21.924
1001 19.362
