1 0.0076776
11 0.0636918
21 0.118037
31 0.173184
41 0.229355
51 0.285937
61 0.353133
71 0.403231
81 0.458388
91 0.516595
101 0.574118
111 0.625449
121 0.687818
131 0.738628
141 0.800618
151 0.854038
161 0.913557
171 0.988182
181 1.05978
191 1.13731
201 1.16829
211 1.25082
221 1.2642
231 1.53727
241 1.42044
251 1.4581
261 1.59151
271 1.5561
281 1.6374
291 1.70709
301 1.78969
311 1.81269
321 1.87471
331 1.9204
341 1.96665
351 2.14267
361 2.05693
371 2.13112
381 2.21171
391 2.24019
401 2.3417
411 2.37878
421 2.3956
431 2.48597
441 2.51807
451 2.57582
461 2.63013
471 2.70596
481 2.78177
491 2.8189
501 2.84232
511 2.89506
521 2.95891
531 3.02076
541 3.0813
551 3.13665
561 3.18948
571 3.28041
581 3.34385
591 3.36399
601 3.45343
611 3.47298
621 3.61405
631 3.57489
641 3.64533
651 3.70912
661 3.77655
671 3.88927
681 3.87764
691 3.94787
701 4.01178
711 4.06501
721 4.1036
731 4.15161
741 4.23359
751 4.27157
761 4.33305
771 4.39543
781 4.45157
791 4.51199
801 4.56468
811 4.62201
821 4.67387
831 4.74003
841 4.79719
851 4.8467
861 4.90662
871 4.97705
881 5.02831
891 5.0866
901 5.15513
911 5.20183
921 5.263
931 5.31252
941 5.37265
951 5.43677
961 5.49553
971 5.55645
981 5.68948
991 5.65793
1001 5.71926
