1 0.0009209
10001 0.0654129
20001 0.129773
30001 0.213437
40001 0.309732
50001 0.366818
60001 0.397308
70001 0.451885
80001 0.520267
90001 0.596571
100001 0.679707
110001 0.745865
120001 0.80488
130001 0.861796
140001 0.934327
150001 0.994695
160001 1.06564
170001 1.11889
180001 1.18325
190001 1.26796
200001 1.30569
210001 1.53995
220001 1.47131
230001 1.51267
240001 1.60416
250001 1.75608
260001 1.92188
270001 1.77651
280001 1.93263
290001 1.99972
300001 2.08522
310001 2.1788
320001 2.21471
330001 2.26276
340001 2.29187
350001 2.42853
360001 2.43573
370001 2.46636
380001 2.62112
390001 2.60461
400001 2.84236
410001 2.86895
420001 2.9666
430001 2.87011
440001 3.06886
450001 2.99389
460001 3.03922
470001 3.23448
480001 3.28314
490001 3.43289
500001 3.46651
510001 3.59346
520001 3.49047
530001 3.69037
540001 3.91031
550001 3.75124
560001 3.7623
570001 3.78909
580001 3.88003
590001 3.96083
600001 4.22245
610001 4.18726
620001 4.24803
630001 4.38532
640001 4.3108
650001 4.47382
660001 4.38142
670001 4.53802
680001 4.87576
690001 4.60429
700001 4.63665
710001 4.8039
720001 4.9516
730001 5.06298
740001 5.27733
750001 5.07002
760001 5.25029
770001 5.26175
780001 5.36666
790001 5.41962
800001 5.43184
810001 5.51222
820001 5.54854
830001 5.54839
840001 5.67863
850001 5.78486
860001 6.15372
870001 5.69718
880001 5.7673
890001 5.87024
900001 6.15527
910001 6.17945
920001 6.61016
930001 6.41599
940001 6.27085
950001 6.46637
960001 6.64669
970001 6.59852
980001 6.685
990001 6.96832
1000001 6.81694
