1 2.82965
10001 0.215005
20001 0.224185
30001 0.224643
40001 0.219298
50001 0.215541
60001 0.244559
70001 0.221482
80001 0.222957
90001 0.244521
100001 0.255883
110001 0.254263
120001 0.227936
130001 0.228159
140001 0.233007
150001 0.261223
160001 0.236881
170001 0.235007
180001 0.235359
190001 0.239601
200001 0.241629
210001 0.239082
220001 0.240378
230001 0.245053
240001 0.243941
250001 0.269948
260001 0.289678
270001 0.250823
280001 0.278057
290001 0.249724
300001 0.255405
310001 0.251317
320001 0.253214
330001 0.255581
340001 0.258316
350001 0.257953
360001 0.269185
370001 0.264634
380001 0.261242
390001 0.2632
400001 0.263022
410001 0.267227
420001 0.268681
430001 0.26801
440001 0.266574
450001 0.269064
460001 0.273977
470001 0.274606
480001 0.280273
490001 0.27577
500001 0.287022
510001 0.299467
520001 0.284614
530001 0.285586
540001 0.280884
550001 0.290826
560001 0.288406
570001 0.291148
580001 0.294396
590001 0.292789
600001 0.292457
610001 0.294951
620001 0.292296
630001 0.294354
640001 0.298282
650001 0.296509
660001 0.314107
670001 0.32754
680001 0.340354
690001 0.314097
700001 0.311798
710001 0.313531
720001 0.3416
730001 0.308741
740001 0.308127
750001 0.327509
760001 0.341424
770001 0.328253
780001 0.325715
790001 0.319244
800001 0.324972
810001 0.330514
820001 0.337171
830001 0.348666
840001 0.355675
850001 0.36249
860001 0.357244
870001 0.331172
880001 0.329634
890001 0.329926
900001 0.34818
910001 0.339528
920001 0.334746
930001 0.339263
940001 0.34163
950001 0.337996
960001 0.342981
970001 0.358898
980001 0.367648
990001 0.360327
1000001 0.3537
